plist:0.172855,1.035355,0.372466,0.208973,1.145140,-0.174826,0.308804,0.841271,0.243958,0.309931,0.844820,-0.086009,-0.279648,0.784024,0.196608,-0.133300,0.730844,0.129119,-0.111243,0.845592,0.313021,-0.336637,1.091331,0.089353,-0.485040,0.899483,-0.074370,-0.345616,0.785947,-0.152633,-0.223420,0.943208,-0.233954,-0.366547,1.109504,-0.030520,-0.260590,0.737229,-0.052135,0.154034,0.730512,-0.160083,-0.544717,0.838403,0.038307,-0.010868,0.785593,-0.344414,-0.103518,1.382107,-0.077549,0.136735,1.302673,0.155158,0.198098,1.071343,-0.361604
idxlist:3,0,1,2,6,7,4,5,11,10,9,12,11,12,9,8,11,8,9,10,5,10,7,12,13,10,5,12,7,10,11,12,3,0,2,5,7,12,11,8,14,12,4,8,14,8,4,7,6,5,2,0,4,12,7,8,4,12,5,7,14,8,7,11,14,8,9,12,15,12,9,10,3,5,1,0,10,15,13,16,13,5,3,2,17,7,6,5,13,12,15,10,13,18,3,1,7,16,10,13,17,16,7,5,1,16,5,13,1,17,0,5,6,5,0,17,13,1,15,18,16,11,7,10,7,13,5,16,18,16,1,15,1,16,17,5,1,16,13,15,5,7,10,13,13,1,3,5,