plist:0.000000,1.500000,0.000000,-0.471405,0.833335,0.000000,0.235703,0.833335,0.408249,0.235703,0.833335,-0.408249
idxlist:3,1,0,2,